Temps;EA1
0;9.66111344238743
1E-5;9.62122033303604
2E-5;9.60127377836034
3E-5;9.57135394634679
4E-5;9.53146083699539
5E-5;9.48159445030615
6E-5;9.42175478627905
7E-5;9.35194184491411
8E-5;9.26716898754239
9E-5;9.17740949150175
0.0001;9.07767671812326
0.00011;8.96797066740692
0.00012;8.84829133935273
0.00013;8.71863873396069
0.00014;8.5790128512308
0.00015;8.43440032983199
0.00016;8.27981453109533
0.00017;8.11525545502082
0.00018;7.94570974027738
0.00019;7.76619074819609
0.0002;7.58667175611481
0.00021;7.39717948669568
0.00022;7.19272730126977
0.00023;6.98827511584386
0.00024;6.77384965308011
0.00025;6.5494509129785
0.00026;6.33003881154582
0.00027;6.09566679410636
0.00028;5.86129477666691
0.00029;5.61694948188961
0.0003;5.3726041871123
0.00031;5.12327225366607
0.00032;4.86895368155092
0.00033;4.60964847076684
0.00034;4.34535662131384
0.00035;4.07607813319191
0.00036;3.80679964506999
0.00037;3.53752115694806
0.00038;3.25826939148828
0.00039;2.97901762602851
0.0004;2.69976586056873
0.00041;2.41552745644003
0.00042;2.13627569098026
0.00043;1.85203728685156
0.00044;1.56779888272285
0.00045;1.27857383992523
0.00046;0.994335435796529
0.00047;0.710097031667829
0.00048;0.420871988870204
0.00049;0.136633584741503
0.0005;-0.147604819387198
0.00051;-0.426856584846973
0.00052;-0.711094988975674
0.00053;-0.985360115766525
0.00054;-1.2646118812263
0.00055;-1.53887700801715
0.00056;-1.813142134808
0.00057;-2.07743398426101
0.00058;-2.34671247238293
0.00059;-2.60601768316701
0.0006;-2.86033625528216
0.00061;-3.11964146606624
0.00062;-3.36897339951247
0.00063;-3.61331869428977
0.00064;-3.84769071172923
0.00065;-4.08206272916868
0.00066;-4.31643474660814
0.00067;-4.53584684804082
0.00068;-4.76024558814242
0.00069;-4.97467105090618
0.0007;-5.18909651366994
0.00071;-5.37858878308907
0.00072;-5.57306769117713
0.00073;-5.75258668325841
0.00074;-5.93709231400862
0.00075;-6.10663802875206
0.00076;-6.27618374349549
0.00077;-6.43076954223216
0.00078;-6.58535534096882
0.00079;-6.72996786236763
0.0008;-6.86460710642859
0.00081;-6.98927307315171
0.00082;-7.1089524012059
0.00083;-7.21865845192224
0.00084;-7.32337786396965
0.00085;-7.41812399867922
0.00086;-7.50289685605094
0.00087;-7.58268307475373
0.00088;-7.64750937744975
0.00089;-7.71233568014577
0.0009;-7.76220206683502
0.00091;-7.81206845352426
0.00092;-7.84198828553781
0.00093;-7.87190811755136
0.00094;-7.88686803355813
0.00095;-7.89684131089598
0.00096;-7.89684131089598
0.00097;-7.89185467222706
0.00098;-7.87190811755136
0.00099;-7.85196156287566
0.001;-7.81206845352426
0.00101;-7.77217534417287
0.00102;-7.72230895748362
0.00103;-7.66246929345652
0.00104;-7.59764299076051
0.00105;-7.52284341072664
0.00106;-7.43308391468599
0.00107;-7.34831105731428
0.00108;-7.25356492260471
0.00109;-7.14884551055729
0.0011;-7.04412609850988
0.00111;-6.92444677045569
0.00112;-6.79479416506365
0.00113;-6.66015492100269
0.00114;-6.52551567694172
0.00115;-6.38090315554291
0.00116;-6.23130399547517
0.00117;-6.07173155806959
0.00118;-5.912159120664
0.00119;-5.74261340592057
0.0012;-5.56808105250821
0.00121;-5.38856206042692
0.00122;-5.20904306834564
0.00123;-5.0195507989265
0.00124;-4.83005852950737
0.00125;-4.63059298275039
0.00126;-4.42115415865555
0.00127;-4.22168861189857
0.00128;-4.01224978780374
0.00129;-3.79782432503998
0.0013;-3.58838550094515
0.00131;-3.36897339951247
0.00132;-3.14457465941086
0.00133;-2.92017591930926
0.00134;-2.70076381787658
0.00135;-2.47137843910605
0.00136;-2.24199306033552
0.00137;-2.00762104289606
0.00138;-1.78322230279446
0.00139;-1.54386364668608
0.0014;-1.31447826791555
0.00141;-1.08010625047609
0.00142;-0.850720871705562
0.00143;-0.611362215597182
0.00144;-0.381976836826652
0.00145;-0.147604819387198
0.00146;0.0867671980522573
0.00147;0.316152576822788
0.00148;0.550524594262242
0.00149;0.779909973032772
0.0015;1.00430871313438
0.00151;1.22870745323598
0.00152;1.45310619333759
0.00153;1.66753165610135
0.00154;1.88694375753403
0.00155;2.10136922029778
0.00156;2.31080804439262
0.00157;2.52024686848745
0.00158;2.72469905391335
0.00159;2.92915123933926
0.0016;3.12363014742732
0.00161;3.31312241684645
0.00162;3.50261468626559
0.00163;3.6871203170158
0.00164;3.86663930909708
0.00165;4.04117166250944
0.00166;4.21071737725288
0.00167;4.37527645332739
0.00168;4.5398355294019
0.00169;4.68444805080071
0.0017;4.83903384953737
0.00171;4.97865973226726
0.00172;5.11828561499715
0.00173;5.24793822038919
0.00174;5.3726041871123
0.00175;5.48729687649757
0.00176;5.59700292721391
0.00177;5.70172233926132
0.00178;5.80145511263981
0.00179;5.89121460868046
0.0018;5.9809741047211
0.00181;6.06076032342389
0.00182;6.13057326478884
0.00183;6.19539956748486
0.00184;6.25523923151195
0.00185;6.30011897953227
0.00186;6.34998536622152
0.00187;6.38489183690399
0.00188;6.40982503024861
0.00189;6.43974486226216
0.0019;6.44971813960001
0.00191;6.46467805560678
0.00192;6.45969141693786
0.00193;6.45969141693786
0.00194;6.44473150093108
0.00195;6.42478494625539
0.00196;6.39985175291076
0.00197;6.36494528222829
0.00198;6.32006553420797
0.00199;6.27518578618765
0.002;6.22033276082948
0.00201;6.16049309680238
0.00202;6.09566679410636
0.00203;6.02585385274142
0.00204;5.9410809953697
0.00205;5.85630813799799
0.00206;5.76654864195734
0.00207;5.66681586857885
0.00208;5.56708309520036
0.00209;5.46236368315294
0.0021;5.34268435509875
0.00211;5.22799166571349
0.00212;5.10332569899038
0.00213;4.97367309359834
0.00214;4.8440204882063
0.00215;4.70439460547641
0.00216;4.5597820840776
0.00217;4.42015620134771
0.00218;4.26557040261105
0.00219;4.11597124254331
0.0022;3.95639880513772
0.00221;3.79183972906321
0.00222;3.6272806529887
0.00223;3.46272157691419
0.00224;3.28818922350183
0.00225;3.1186435087584
0.00226;2.94411115534604
0.00227;2.76459216326475
0.00228;2.58507317118347
0.00229;2.40056754043326
0.0023;2.22104854835197
0.00231;2.03155627893284
0.00232;1.84705064818263
0.00233;1.66254501743242
0.00234;1.47305274801329
0.00235;1.28356047859415
0.00236;1.0890815705061
0.00237;0.899589301086962
0.00238;0.710097031667829
0.00239;0.51561812357977
0.0024;0.331112492829561
0.00241;0.136633584741503
0.00242;-0.0528586846776307
0.00243;-0.242350954096764
0.00244;-0.426856584846973
0.00245;-0.611362215597182
0.00246;-0.795867846347392
0.00247;-0.980373477097601
0.00248;-1.15989246917889
0.00249;-1.34439809992909
0.0025;-1.51893045334145
0.00251;-1.69346280675381
0.00252;-1.86300852149725
0.00253;-2.02756759757176
0.00254;-2.1971133123152
0.00255;-2.36167238838971
0.00256;-2.51625818712637
0.00257;-2.67583062453195
0.00258;-2.83041642326862
0.00259;-2.98500222200528
0.0026;-3.12462810473517
0.00261;-3.26924062613398
0.00262;-3.40886650886387
0.00263;-3.53851911425591
0.00264;-3.66817171964794
0.00265;-3.79283768637106
0.00266;-3.90753037575632
0.00267;-4.02720970381051
0.00268;-4.13691575452685
0.00269;-4.24163516657427
0.0027;-4.34635457862169
0.00271;-4.44110071333125
0.00272;-4.53086020937189
0.00273;-4.61563306674361
0.00274;-4.69541928544641
0.00275;-4.77021886548027
0.00276;-4.83504516817629
0.00277;-4.89987147087231
0.00278;-4.95472449623048
0.00279;-5.00957752158865
0.0028;-5.0594439082779
0.00281;-5.09435037896037
0.00282;-5.13424348831177
0.00283;-5.15917668165639
0.00284;-5.17912323633209
0.00285;-5.19906979100779
0.00286;-5.20904306834564
0.00287;-5.21901634568349
0.00288;-5.21402970701456
0.00289;-5.21402970701456
0.0029;-5.20405642967671
0.00291;-5.17912323633209
0.00292;-5.15917668165639
0.00293;-5.13424348831177
0.00294;-5.09435037896037
0.00295;-5.05445726960897
0.00296;-5.01456416025758
0.00297;-4.96469777356833
0.00298;-4.90984474821016
0.00299;-4.84501844551414
0.003;-4.78019214281812
0.00301;-4.7153658401221
0.00302;-4.64056626008823
0.00303;-4.56078004138544
0.00304;-4.47600718401372
0.00305;-4.38624768797308
0.00306;-4.29150155326352
0.00307;-4.19176877988502
0.00308;-4.09203600650653
0.00309;-3.98731659445912
0.0031;-3.87262390507385
0.00311;-3.76291785435751
0.00312;-3.65321180364117
0.00313;-3.53353247558698
0.00314;-3.40886650886387
0.00315;-3.27921390347183
0.00316;-3.14956129807979
0.00317;-3.01990869268775
0.00318;-2.88526944862679
0.00319;-2.75063020456582
0.0032;-2.61100432183594
0.00321;-2.46639180043712
0.00322;-2.32676591770723
0.00323;-2.18215339630842
0.00324;-2.03255423624069
0.00325;-1.88295507617295
0.00326;-1.73335591610521
0.00327;-1.58375675603747
0.00328;-1.43415759596974
0.00329;-1.27458515856415
0.0033;-1.11999935982749
0.00331;-0.970400199759752
0.00332;-0.81581440102309
0.00333;-0.661228602286428
0.00334;-0.506642803549767
0.00335;-0.352057004813105
0.00336;-0.197471206076443
0.00337;-0.0428854073397815
0.00338;0.11170039139688
0.00339;0.266286190133542
0.0034;0.420871988870204
0.00341;0.570471148937941
0.00342;0.720070309005678
0.00343;0.869669469073415
0.00344;1.01428199047223
0.00345;1.15889451187104
0.00346;1.29852039460093
0.00347;1.44811955466866
0.00348;1.58275879872963
0.00349;1.72238468145952
0.0035;1.85203728685156
0.00351;1.98667653091252
0.00352;2.12131577497348
0.00353;2.24099510302767
0.00354;2.36067443108186
0.00355;2.48534039780498
0.00356;2.60003308719024
0.00357;2.71472577657551
0.00358;2.82443182729185
0.00359;2.92915123933926
0.0036;3.03387065138668
0.00361;3.13859006343409
0.00362;3.23333619814366
0.00363;3.3230956941843
0.00364;3.41285519022495
0.00365;3.49264140892774
0.00366;3.57741426629946
0.00367;3.65221384633332
0.00368;3.72202678769827
0.00369;3.78685309039429
0.0037;3.85167939309031
0.00371;3.9115190571174
0.00372;3.96138544380665
0.00373;4.02122510783374
0.00374;4.05613157851622
0.00375;4.10101132653654
0.00376;4.13591779721901
0.00377;4.16583762923256
0.00378;4.19077082257718
0.00379;4.21071737725288
0.0038;4.23066393192857
0.00381;4.24063720926642
0.00382;4.25061048660427
0.00383;4.25061048660427
0.00384;4.25061048660427
0.00385;4.24063720926642
0.00386;4.23066393192857
0.00387;4.2157040159218
0.00388;4.1957574612461
0.00389;4.17082426790148
0.0039;4.14090443588793
0.00391;4.10599796520546
0.00392;4.07109149452299
0.00393;4.02621174650267
0.00394;3.98133199848235
0.00395;3.9314656117931
0.00396;3.87162594776601
0.00397;3.81178628373891
0.00398;3.74695998104289
0.00399;3.67714703967795
0.004;3.61232073698193
0.00401;3.53253451827914
0.00402;3.45773493824527
0.00403;3.37794871954247
0.00404;3.29317586217076
0.00405;3.20341636613011
0.00406;3.11365687008947
0.00407;3.0189107353799
0.00408;2.92416460067034
0.00409;2.82443182729185
0.0041;2.71971241524443
0.00411;2.61997964186594
0.00412;2.5102735911496
0.00413;2.40555417910218
0.00414;2.29086148971692
0.00415;2.18115543900058
0.00416;2.06646274961531
0.00417;1.95177006023005
0.00418;1.83209073217586
0.00419;1.71241140412167
0.0042;1.5977187147364
0.00421;1.47305274801329
0.00422;1.3533734199591
0.00423;1.22870745323598
0.00424;1.10404148651287
0.00425;0.98436215845868
0.00426;0.854709553066641
0.00427;0.730043586343527
0.00428;0.605377619620413
0.00429;0.475725014228374
0.0043;0.35105904750526
0.00431;0.226393080782145
0.00432;0.0967404753901064
0.00433;-0.0279254913330078
0.00434;-0.152591458056122
0.00435;-0.272270786110312
0.00436;-0.396936752833426
0.00437;-0.516616080887616
0.00438;-0.636295408941805
0.00439;-0.755974736995995
0.0044;-0.880640703719109
0.00441;-0.99034675443545
0.00442;-1.10503944382071
0.00443;-1.21973213320598
0.00444;-1.32943818392232
0.00445;-1.43914423463866
0.00446;-1.54386364668608
0.00447;-1.65356969740242
0.00448;-1.75828910944983
0.00449;-1.84804860549048
0.0045;-1.95276801753789
0.00451;-2.04751415224746
0.00452;-2.14226028695703
0.00453;-2.23201978299767
0.00454;-2.31679264036939
0.00455;-2.4015654977411
0.00456;-2.47636507777497
0.00457;-2.55615129647776
0.00458;-2.63593751518056
0.00459;-2.7057504565455
0.0046;-2.77556339791045
0.00461;-2.84038970060647
0.00462;-2.90521600330248
0.00463;-2.96505566732958
0.00464;-3.01990869268775
0.00465;-3.06478844070807
0.00466;-3.11964146606624
0.00467;-3.15953457541764
0.00468;-3.19942768476903
0.00469;-3.23433415545151
0.0047;-3.26924062613398
0.00471;-3.29916045814753
0.00472;-3.32908029016107
0.00473;-3.34902684483677
0.00474;-3.36398676084354
0.00475;-3.37894667685032
0.00476;-3.39390659285709
0.00477;-3.39889323152602
0.00478;-3.40387987019494
0.00479;-3.39889323152602
0.0048;-3.39390659285709
0.00481;-3.38393331551924
0.00482;-3.37396003818139
0.00483;-3.35900012217462
0.00484;-3.33905356749892
0.00485;-3.3141203741543
0.00486;-3.28420054214075
0.00487;-3.2542807101272
0.00488;-3.21937423944473
0.00489;-3.17948113009334
0.0049;-3.14457465941086
0.00491;-3.09969491139054
0.00492;-3.0498285247013
0.00493;-3.00494877668098
0.00494;-2.94510911265388
0.00495;-2.88526944862679
0.00496;-2.82542978459969
0.00497;-2.7655901205726
0.00498;-2.70076381787658
0.00499;-2.63095087651163
0.005;-2.56113793514669
0.00501;-2.48633835511282
0.00502;-2.41652541374788
0.00503;-2.33673919504508
0.00504;-2.25695297634229
0.00505;-2.17218011897057
0.00506;-2.09239390026778
0.00507;-2.00762104289606
0.00508;-1.9128749081865
0.00509;-1.82810205081478
0.0051;-1.73335591610521
0.00511;-1.64359642006457
0.00512;-1.548850285355
0.00513;-1.45909078931436
0.00514;-1.35935801593587
0.00515;-1.25962524255738
0.00516;-1.15989246917889
0.00517;-1.06514633446932
0.00518;-0.960426922421902
0.00519;-0.865680787712336
0.0052;-0.76096137566492
0.00521;-0.661228602286428
0.00522;-0.561495828907937
0.00523;-0.456776416860521
0.00524;-0.357043643482029
0.00525;-0.252324231434613
0.00526;-0.152591458056122
0.00527;-0.0528586846776307
0.00528;0.0568473660387099
0.00529;0.146606862079352
0.0053;0.256312912795693
0.00531;0.35105904750526
0.00532;0.450791820883751
0.00533;0.550524594262242
0.00534;0.645270728971809
0.00535;0.735030225012451
0.00536;0.829776359722018
0.00537;0.924522494431585
0.00538;1.01428199047223
0.00539;1.10404148651287
0.0054;1.18881434388459
0.00541;1.27857383992523
0.00542;1.36833333596587
0.00543;1.44811955466866
0.00544;1.52790577337146
0.00545;1.60769199207425
0.00546;1.68249157210812
0.00547;1.75729115214199
0.00548;1.82710409350693
0.00549;1.9019036735408
0.0055;1.97171661490574
0.00551;2.03654291760176
0.00552;2.10136922029778
0.00553;2.16120888432488
0.00554;2.21606190968305
0.00555;2.27590157371014
0.00556;2.32078132173046
0.00557;2.37563434708863
0.00558;2.42051409510896
0.00559;2.46539384312928
0.0056;2.50528695248067
0.00561;2.54518006183207
0.00562;2.58008653251454
0.00563;2.61997964186594
0.00564;2.63992619654164
0.00565;2.66984602855518
0.00566;2.68979258323088
0.00567;2.70973913790658
0.00568;2.72469905391335
0.00569;2.74464560858905
0.0057;2.74963224725798
0.00571;2.75960552459583
0.00572;2.76459216326475
0.00573;2.76957880193368
0.00574;2.76459216326475
0.00575;2.76459216326475
0.00576;2.74963224725798
0.00577;2.73965896992013
0.00578;2.72469905391335
0.00579;2.70973913790658
0.0058;2.68480594456196
0.00581;2.66485938988626
0.00582;2.63992619654164
0.00583;2.61499300319701
0.00584;2.58507317118347
0.00585;2.55016670050099
0.00586;2.5102735911496
0.00587;2.4703804817982
0.00588;2.43547401111573
0.00589;2.38062098575756
0.0059;2.33574123773724
0.00591;2.29086148971692
0.00592;2.23600846435875
0.00593;2.18115543900058
0.00594;2.12630241364241
0.00595;2.06646274961531
0.00596;2.00662308558822
0.00597;1.94678342156112
0.00598;1.88694375753403
0.00599;1.81214417750016
0.006;1.74233123613521
0.00601;1.6775049334392
0.00602;1.60769199207425
0.00603;1.53289241204038
0.00604;1.46307947067544
0.00605;1.38827989064157
0.00606;1.3134803106077
0.00607;1.23868073057383
0.00608;1.16388115053996
0.00609;1.07910829316825
0.0061;1.00430871313438
0.00611;0.924522494431585
0.00612;0.839749637059867
0.00613;0.759963418357074
0.00614;0.680177199654281
0.00615;0.595404342282563
0.00616;0.51561812357977
0.00617;0.430845266208053
0.00618;0.356045686174184
0.00619;0.271272828802466
0.0062;0.186499971430749
0.00621;0.106713752727956
0.00622;0.0219408953562379
0.00623;-0.0578453233465552
0.00624;-0.142618180718273
0.00625;-0.217417760752141
0.00626;-0.297203979454935
0.00627;-0.376990198157728
0.00628;-0.456776416860521
0.00629;-0.531575996894389
0.0063;-0.606375576928258
0.00631;-0.686161795631051
0.00632;-0.755974736995995
0.00633;-0.830774317029864
0.00634;-0.900587258394808
0.00635;-0.970400199759752
0.00636;-1.0402131411247
0.00637;-1.11002608248964
0.00638;-1.17485238518566
0.00639;-1.23469204921275
0.0064;-1.29951835190877
0.00641;-1.36434465460479
0.00642;-1.42418431863189
0.00643;-1.47903734399006
0.00644;-1.53389036934823
0.00645;-1.58375675603747
0.00646;-1.63860978139564
0.00647;-1.68847616808489
0.00648;-1.73335591610521
0.00649;-1.78322230279446
0.0065;-1.82311541214585
0.00651;-1.86300852149725
0.00652;-1.90290163084865
0.00653;-1.93780810153112
0.00654;-1.96772793354467
0.00655;-2.00263440422714
0.00656;-2.02756759757176
0.00657;-2.06746070692316
0.00658;-2.08242062292993
0.00659;-2.10236717760563
0.0066;-2.1173270936124
0.00661;-2.1372736482881
0.00662;-2.15223356429487
0.00663;-2.16220684163272
0.00664;-2.17218011897057
0.00665;-2.1771667576395
0.00666;-2.18215339630842
0.00667;-2.18215339630842
0.00668;-2.18215339630842
0.00669;-2.18714003497735
0.0067;-2.17218011897057
0.00671;-2.16719348030165
0.00672;-2.16220684163272
0.00673;-2.14724692562595
0.00674;-2.13228700961918
0.00675;-2.10735381627455
0.00676;-2.09239390026778
0.00677;-2.06746070692316
0.00678;-2.04252751357853
0.00679;-2.01759432023391
0.0068;-1.98767448822036
0.00681;-1.95276801753789
0.00682;-1.92284818552434
0.00683;-1.88794171484187
0.00684;-1.84804860549048
0.00685;-1.813142134808
0.00686;-1.77324902545661
0.00687;-1.72836927743629
0.00688;-1.68348952941597
0.00689;-1.63362314272672
0.0069;-1.5887433947064
0.00691;-1.53887700801715
0.00692;-1.48901062132791
0.00693;-1.43415759596974
0.00694;-1.37930457061157
0.00695;-1.32943818392232
0.00696;-1.26959851989523
0.00697;-1.20975885586813
0.00698;-1.14991919184104
0.00699;-1.09506616648287
0.007;-1.02525322511792
0.00701;-0.970400199759752
0.00702;-0.905573897063732
0.00703;-0.845734233036637
0.00704;-0.780907930340618
0.00705;-0.721068266313523
0.00706;-0.656241963617504
0.00707;-0.58642902225256
0.00708;-0.52160271955654
0.00709;-0.456776416860521
0.0071;-0.391950114164501
0.00711;-0.317150534130633
0.00712;-0.257310870103538
0.00713;-0.187497928738594
0.00714;-0.122671626042575
0.00715;-0.0578453233465552
0.00716;0.00698097934946418
0.00717;0.0718072820454836
0.00718;0.136633584741503
0.00719;0.206446526106447
0.0072;0.266286190133542
0.00721;0.336099131498486
0.00722;0.390952156856656
0.00723;0.4607650982216
0.00724;0.520604762248695
0.00725;0.585431064944714
0.00726;0.640284090302885
0.00727;0.700123754329979
0.00728;0.759963418357074
0.00729;0.814816443715245
0.0073;0.869669469073415
0.00731;0.92950913310051
0.00732;0.979375519789755
0.00733;1.029241906479
0.00734;1.07910829316825
0.00735;1.12897467985749
0.00736;1.17385442787781
0.00737;1.22372081456706
0.00738;1.26860056258738
0.00739;1.30849367193878
0.0074;1.3533734199591
0.00741;1.38827989064157
0.00742;1.42817299999297
0.00743;1.47305274801329
0.00744;1.50297258002684
0.00745;1.53289241204038
0.00746;1.56779888272285
0.00747;1.58774543739855
0.00748;1.6176652694121
0.00749;1.64259846275672
0.0075;1.66753165610135
0.00751;1.68249157210812
0.00752;1.70742476545274
0.00753;1.72238468145952
0.00754;1.73734459746629
0.00755;1.75230451347306
0.00756;1.76227779081091
0.00757;1.76726442947984
0.00758;1.77723770681769
0.00759;1.78222434548661
0.0076;1.78222434548661
0.00761;1.78222434548661
0.00762;1.78721098415554
0.00763;1.78222434548661
0.00764;1.77225106814876
0.00765;1.76726442947984
0.00766;1.75729115214199
0.00767;1.74731787480414
0.00768;1.73235795879737
0.00769;1.71739804279059
0.0077;1.70243812678382
0.00771;1.68249157210812
0.00772;1.66254501743242
0.00773;1.6376118240878
0.00774;1.6176652694121
0.00775;1.59273207606748
0.00776;1.56281224405393
0.00777;1.53289241204038
0.00778;1.49798594135791
0.00779;1.46806610934436
0.0078;1.43315963866189
0.00781;1.39825316797942
0.00782;1.35836005862802
0.00783;1.32345358794555
0.00784;1.28854711726308
0.00785;1.24366736924276
0.00786;1.20377425989136
0.00787;1.15889451187104
0.00788;1.11900140251964
0.00789;1.0691350158304
0.0079;1.02425526781008
0.00791;0.979375519789755
0.00792;0.924522494431585
0.00793;0.879642746411264
0.00794;0.829776359722018
0.00795;0.779909973032772
0.00796;0.730043586343527
0.00797;0.680177199654281
0.00798;0.630310812965035
0.00799;0.575457787606865
0.008;0.520604762248695
0.00801;0.465751736890525
0.00802;0.410898711532354
0.00803;0.361032324843109
0.00804;0.311165938153863
0.00805;0.251326274126768
0.00806;0.196473248768598
0.00807;0.146606862079352
0.00808;0.0967404753901064
0.00809;0.0418874500319362
0.0081;-0.0129655753262341
0.00811;-0.0678186006844044
0.00812;-0.11768498737365
0.00813;-0.17253801273182
0.00814;-0.222404399421066
0.00815;-0.272270786110312
0.00816;-0.327123811468482
0.00817;-0.376990198157728
0.00818;-0.421869946178049
0.00819;-0.471736332867295
0.0082;-0.52160271955654
0.00821;-0.561495828907937
0.00822;-0.611362215597182
0.00823;-0.656241963617504
0.00824;-0.701121711637825
0.00825;-0.741014820989221
0.00826;-0.790881207678467
0.00827;-0.825787678360939
0.00828;-0.865680787712336
0.00829;-0.900587258394808
0.0083;-0.940480367746204
0.00831;-0.975386838428676
0.00832;-1.01029330911115
0.00833;-1.04519977979362
0.00834;-1.07511961180717
0.00835;-1.11501272115856
0.00836;-1.13994591450319
0.00837;-1.16487910784781
0.00838;-1.19479893986136
0.00839;-1.21973213320598
0.0084;-1.2446653265506
0.00841;-1.25962524255738
0.00842;-1.27957179723307
0.00843;-1.29951835190877
0.00844;-1.31946490658447
0.00845;-1.33442482259125
0.00846;-1.34439809992909
0.00847;-1.35935801593587
0.00848;-1.36933129327372
0.00849;-1.37930457061157
0.0085;-1.38429120928049
0.00851;-1.38927784794942
0.00852;-1.39426448661834
0.00853;-1.39925112528726
0.00854;-1.39925112528726
0.00855;-1.40423776395619
0.00856;-1.39925112528726
0.00857;-1.39426448661834
0.00858;-1.38927784794942
0.00859;-1.38429120928049
0.0086;-1.37431793194264
0.00861;-1.35935801593587
0.00862;-1.34439809992909
0.00863;-1.33442482259125
0.00864;-1.31946490658447
0.00865;-1.3045049905777
0.00866;-1.284558435902
0.00867;-1.2646118812263
0.00868;-1.2446653265506
0.00869;-1.2247187718749
0.0087;-1.20477221719921
0.00871;-1.17983902385458
0.00872;-1.14991919184104
0.00873;-1.11999935982749
0.00874;-1.09506616648287
0.00875;-1.06514633446932
0.00876;-1.0402131411247
0.00877;-1.01029330911115
0.00878;-0.975386838428676
0.00879;-0.940480367746204
0.0088;-0.900587258394808
0.00881;-0.87066742638126
0.00882;-0.835760955698788
0.00883;-0.795867846347392
0.00884;-0.755974736995995
0.00885;-0.721068266313523
0.00886;-0.681175156962126
0.00887;-0.64128204761073
0.00888;-0.601388938259333
0.00889;-0.561495828907937
0.0089;-0.52160271955654
0.00891;-0.476722971536219
0.00892;-0.436829862184823
0.00893;-0.391950114164501
0.00894;-0.352057004813105
0.00895;-0.307177256792784
0.00896;-0.262297508772463
0.00897;-0.222404399421066
0.00898;-0.177524651400745
0.00899;-0.132644903380424
0.009;-0.0927517940290272
0.00901;-0.0528586846776307
0.00902;-0.00797893665730953
0.00903;0.0369008113630116
0.00904;0.0817805593833327
0.00905;0.121673668734729
0.00906;0.16655341675505
0.00907;0.206446526106447
0.00908;0.246339635457844
0.00909;0.291219383478165
0.0091;0.331112492829561
0.00911;0.371005602180958
0.00912;0.40591207286343
0.00913;0.445805182214826
0.00914;0.485698291566223
0.00915;0.520604762248695
0.00916;0.555511232931167
0.00917;0.595404342282563
0.00918;0.625324174296111
0.00919;0.665217283647507
0.0092;0.695137115661055
0.00921;0.730043586343527
0.00922;0.759963418357074
0.00923;0.784896611701697
0.00924;0.819803082384169
0.00925;0.844736275728792
0.00926;0.874656107742339
0.00927;0.899589301086962
0.00928;0.91953585576266
0.00929;0.949455687776208
0.0093;0.969402242451906
0.00931;0.989348797127604
0.00932;1.0092953518033
0.00933;1.02425526781008
0.00934;1.04420182248577
0.00935;1.06414837716147
0.00936;1.07910829316825
0.00937;1.0890815705061
0.00938;1.10404148651287
0.00939;1.11401476385072
0.0094;1.12398804118857
0.00941;1.13396131852642
0.00942;1.13894795719534
0.00943;1.14892123453319
0.00944;1.14892123453319
0.00945;1.15390787320212
0.00946;1.15889451187104
0.00947;1.15889451187104
0.00948;1.15390787320212
0.00949;1.15390787320212
0.0095;1.14892123453319
0.00951;1.14393459586427
0.00952;1.13894795719534
0.00953;1.12897467985749
0.00954;1.11900140251964
0.00955;1.10902812518179
0.00956;1.09905484784394
0.00957;1.0890815705061
0.00958;1.07910829316825
0.00959;1.05916173849255
0.0096;1.03921518381685
0.00961;1.02425526781008
0.00962;1.0092953518033
0.00963;0.989348797127604
0.00964;0.969402242451906
0.00965;0.949455687776208
0.00966;0.924522494431585
0.00967;0.899589301086962
0.00968;0.879642746411264
0.00969;0.854709553066641
0.0097;0.829776359722018
0.00971;0.799856527708471
0.00972;0.769936695694923
0.00973;0.745003502350301
0.00974;0.715083670336753
0.00975;0.685163838323206
0.00976;0.655244006309658
0.00977;0.625324174296111
0.00978;0.595404342282563
0.00979;0.565484510269016
0.0098;0.535564678255469
0.00981;0.495671568904072
0.00982;0.4607650982216
0.00983;0.430845266208053
0.00984;0.395938795525581
0.00985;0.361032324843109
0.00986;0.326125854160637
0.00987;0.296206022147089
0.00988;0.256312912795693
0.00989;0.221406442113221
0.0099;0.191486610099673
0.00991;0.151593500748277
0.00992;0.116687030065805
0.00993;0.0817805593833327
0.00994;0.0518607273697853
0.00995;0.0119676180183887
0.00996;-0.0229388526640832
0.00997;-0.0578453233465552
0.00998;-0.0877651553601027
0.00999;-0.122671626042575
0.01;-0.157578096725047
0.01001;-0.192484567407519
0.01002;-0.222404399421066
0.01003;-0.252324231434613
0.01004;-0.287230702117085
0.01005;-0.317150534130633
0.01006;-0.34707036614418
0.01007;-0.376990198157728
0.01008;-0.4118966688402
0.01009;-0.441816500853747
0.0101;-0.46674969419837
0.01011;-0.496669526211917
0.01012;-0.52160271955654
0.01013;-0.546535912901163
0.01014;-0.566482467576861
0.01015;-0.591415660921484
0.01016;-0.621335492935032
0.01017;-0.64128204761073
0.01018;-0.666215240955353
0.01019;-0.686161795631051
0.0102;-0.706108350306749
0.01021;-0.726054904982448
0.01022;-0.741014820989221
0.01023;-0.76096137566492
0.01024;-0.775921291671693
0.01025;-0.795867846347392
0.01026;-0.805841123685241
0.01027;-0.820801039692014
0.01028;-0.830774317029864
0.01029;-0.845734233036637
0.0103;-0.855707510374486
0.01031;-0.860694149043411
0.01032;-0.87066742638126
0.01033;-0.875654065050185
0.01034;-0.880640703719109
0.01035;-0.885627342388034
0.01036;-0.890613981056958
0.01037;-0.890613981056958
0.01038;-0.895600619725883
0.01039;-0.890613981056958
0.0104;-0.895600619725883
0.01041;-0.890613981056958
0.01042;-0.885627342388034
0.01043;-0.885627342388034
0.01044;-0.880640703719109
0.01045;-0.87066742638126
0.01046;-0.87066742638126
0.01047;-0.860694149043411
0.01048;-0.850720871705562
0.01049;-0.840747594367713
0.0105;-0.830774317029864
0.01051;-0.820801039692014
0.01052;-0.805841123685241
0.01053;-0.795867846347392
0.01054;-0.775921291671693
0.01055;-0.76096137566492
0.01056;-0.746001459658146
0.01057;-0.731041543651372
0.01058;-0.711094988975674
0.01059;-0.6961350729689
0.0106;-0.671201879624277
0.01061;-0.656241963617504
0.01062;-0.631308770272881
0.01063;-0.611362215597182
0.01064;-0.591415660921484
0.01065;-0.571469106245786
0.01066;-0.546535912901163
0.01067;-0.52160271955654
0.01068;-0.496669526211917
0.01069;-0.46674969419837
0.0107;-0.446803139522672
0.01071;-0.416883307509124
0.01072;-0.391950114164501
0.01073;-0.367016920819879
0.01074;-0.342083727475256
0.01075;-0.312163895461708
0.01076;-0.287230702117085
0.01077;-0.257310870103538
0.01078;-0.232377676758915
0.01079;-0.207444483414292
0.0108;-0.17253801273182
0.01081;-0.147604819387198
0.01082;-0.112698348704726
0.01083;-0.0877651553601027
0.01084;-0.0578453233465552
0.01085;-0.0279254913330078
0.01086;-0.00299229798838496
0.01087;0.0269275340251625
0.01088;0.0518607273697853
0.01089;0.0767939207144082
0.0109;0.11170039139688
0.01091;0.131646946072578
0.01092;0.16655341675505
0.01093;0.191486610099673
0.01094;0.216419803444296
0.01095;0.246339635457844
0.01096;0.281246106140316
0.01097;0.296206022147089
0.01098;0.321139215491712
0.01099;0.346072408836335
0.011;0.371005602180958
0.01101;0.390952156856656
0.01102;0.415885350201279
0.01103;0.440818543545902
0.01104;0.4607650982216
0.01105;0.480711652897298
0.01106;0.505644846241921
0.01107;0.520604762248695
0.01108;0.540551316924393
0.01109;0.560497871600091
0.0111;0.58044442627579
0.01111;0.595404342282563
0.01112;0.610364258289337
0.01113;0.630310812965035
0.01114;0.645270728971809
0.01115;0.660230644978583
0.01116;0.670203922316432
0.01117;0.685163838323206
0.01118;0.700123754329979
0.01119;0.705110392998904
0.0112;0.715083670336753
0.01121;0.720070309005678
0.01122;0.730043586343527
0.01123;0.740016863681376
0.01124;0.740016863681376
0.01125;0.75497677968815
0.01126;0.75497677968815
0.01127;0.759963418357074
0.01128;0.769936695694923
0.01129;0.764950057025999
0.0113;0.764950057025999
0.01131;0.769936695694923
0.01132;0.764950057025999
0.01133;0.764950057025999
0.01134;0.764950057025999
0.01135;0.759963418357074
0.01136;0.75497677968815
0.01137;0.75497677968815
0.01138;0.745003502350301
0.01139;0.740016863681376
0.0114;0.730043586343527
0.01141;0.725056947674602
0.01142;0.710097031667829
0.01143;0.705110392998904
0.01144;0.695137115661055
0.01145;0.680177199654281
0.01146;0.670203922316432
0.01147;0.660230644978583
0.01148;0.645270728971809
0.01149;0.630310812965035
0.0115;0.620337535627186
0.01151;0.605377619620413
0.01152;0.585431064944714
0.01153;0.570471148937941
0.01154;0.550524594262242
0.01155;0.535564678255469
0.01156;0.520604762248695
0.01157;0.495671568904072
0.01158;0.475725014228374
0.01159;0.455778459552675
0.0116;0.435831904876977
0.01161;0.415885350201279
0.01162;0.395938795525581
0.01163;0.375992240849882
0.01164;0.356045686174184
0.01165;0.331112492829561
0.01166;0.311165938153863
0.01167;0.28623274480924
0.01168;0.261299551464617
0.01169;0.241352996788919
0.0117;0.221406442113221
0.01171;0.196473248768598
0.01172;0.171540055423975
0.01173;0.151593500748277
0.01174;0.126660307403654
0.01175;0.101727114059031
0.01176;0.0767939207144082
0.01177;0.0568473660387099
0.01178;0.031914172694087
0.01179;0.0119676180183887
0.0118;-0.0129655753262341
0.01181;-0.0329121300019324
0.01182;-0.0578453233465552
0.01183;-0.0827785166911781
0.01184;-0.107711710035801
0.01185;-0.127658264711499
0.01186;-0.147604819387198
0.01187;-0.167551374062896
0.01188;-0.192484567407519
0.01189;-0.212431122083217
0.0119;-0.227391038089991
0.01191;-0.247337592765689
0.01192;-0.272270786110312
0.01193;-0.287230702117085
0.01194;-0.307177256792784
0.01195;-0.327123811468482
0.01196;-0.342083727475256
0.01197;-0.362030282150954
0.01198;-0.376990198157728
0.01199;-0.391950114164501
0.012;-0.406910030171275
0.01201;-0.426856584846973
0.01202;-0.436829862184823
0.01203;-0.456776416860521
0.01204;-0.46674969419837
0.01205;-0.481709610205144
0.01206;-0.491682887542993
0.01207;-0.501656164880842
0.01208;-0.511629442218691
0.01209;-0.52160271955654
0.0121;-0.531575996894389
0.01211;-0.536562635563314
0.01212;-0.546535912901163
0.01213;-0.551522551570088
0.01214;-0.561495828907937
0.01215;-0.566482467576861
0.01216;-0.566482467576861
0.01217;-0.576455744914711
0.01218;-0.581442383583635
0.01219;-0.576455744914711
0.0122;-0.581442383583635
0.01221;-0.58642902225256
0.01222;-0.58642902225256
0.01223;-0.58642902225256
0.01224;-0.581442383583635
0.01225;-0.58642902225256
0.01226;-0.581442383583635
0.01227;-0.576455744914711
0.01228;-0.576455744914711
0.01229;-0.571469106245786
0.0123;-0.571469106245786
0.01231;-0.561495828907937
0.01232;-0.556509190239012
0.01233;-0.551522551570088
0.01234;-0.541549274232239
0.01235;-0.536562635563314
0.01236;-0.526589358225465
0.01237;-0.516616080887616
0.01238;-0.506642803549767
0.01239;-0.496669526211917
0.0124;-0.486696248874068
0.01241;-0.471736332867295
0.01242;-0.461763055529445
0.01243;-0.446803139522672
0.01244;-0.431843223515898
0.01245;-0.421869946178049
0.01246;-0.4118966688402
0.01247;-0.391950114164501
0.01248;-0.381976836826652
0.01249;-0.362030282150954
0.0125;-0.34707036614418
0.01251;-0.327123811468482
0.01252;-0.312163895461708
0.01253;-0.297203979454935
0.01254;-0.277257424779236
0.01255;-0.267284147441387
0.01256;-0.247337592765689
0.01257;-0.232377676758915
0.01258;-0.207444483414292
0.01259;-0.192484567407519
0.0126;-0.177524651400745
0.01261;-0.152591458056122
0.01262;-0.137631542049348
0.01263;-0.11768498737365
0.01264;-0.0977384326979518
0.01265;-0.0777918780222535
0.01266;-0.0578453233465552
0.01267;-0.037898768670857
0.01268;-0.0229388526640832
0.01269;0.00199434068053961
0.0127;0.0169542566873133
0.01271;0.031914172694087
0.01272;0.0518607273697853
0.01273;0.0718072820454836
0.01274;0.0917538367211819
0.01275;0.11170039139688
0.01276;0.131646946072578
0.01277;0.146606862079352
0.01278;0.161566778086126
0.01279;0.181513332761824
0.0128;0.201459887437522
0.01281;0.211433164775372
0.01282;0.23137971945107
0.01283;0.246339635457844
0.01284;0.266286190133542
0.01285;0.281246106140316
0.01286;0.296206022147089
0.01287;0.311165938153863
0.01288;0.326125854160637
0.01289;0.336099131498486
0.0129;0.356045686174184
0.01291;0.366018963512033
0.01292;0.375992240849882
0.01293;0.385965518187732
0.01294;0.400925434194505
0.01295;0.410898711532354
0.01296;0.420871988870204
0.01297;0.435831904876977
0.01298;0.440818543545902
0.01299;0.450791820883751
0.013;0.4607650982216
0.01301;0.465751736890525
0.01302;0.475725014228374
0.01303;0.480711652897298
0.01304;0.485698291566223
0.01305;0.495671568904072
0.01306;0.495671568904072
0.01307;0.500658207572997
0.01308;0.505644846241921
0.01309;0.510631484910846
0.0131;0.51561812357977
0.01311;0.51561812357977
0.01312;0.51561812357977
0.01313;0.51561812357977
0.01314;0.51561812357977
0.01315;0.51561812357977
0.01316;0.51561812357977
0.01317;0.51561812357977
0.01318;0.51561812357977
0.01319;0.510631484910846
0.0132;0.510631484910846
0.01321;0.505644846241921
0.01322;0.495671568904072
0.01323;0.495671568904072
0.01324;0.490684930235147
0.01325;0.480711652897298
0.01326;0.475725014228374
0.01327;0.470738375559449
0.01328;0.4607650982216
0.01329;0.450791820883751
0.0133;0.445805182214826
0.01331;0.435831904876977
0.01332;0.425858627539128
0.01333;0.410898711532354
0.01334;0.40591207286343
0.01335;0.395938795525581
0.01336;0.390952156856656
0.01337;0.371005602180958
0.01338;0.361032324843109
0.01339;0.356045686174184
0.0134;0.336099131498486
0.01341;0.326125854160637
0.01342;0.311165938153863
0.01343;0.296206022147089
0.01344;0.281246106140316
0.01345;0.271272828802466
0.01346;0.256312912795693
0.01347;0.236366358119994
0.01348;0.226393080782145
0.01349;0.211433164775372
0.0135;0.196473248768598
0.01351;0.181513332761824
0.01352;0.171540055423975
0.01353;0.151593500748277
0.01354;0.136633584741503
0.01355;0.116687030065805
0.01356;0.101727114059031
0.01357;0.0867671980522573
0.01358;0.0718072820454836
0.01359;0.0568473660387099
0.0136;0.0418874500319362
0.01361;0.0269275340251625
0.01362;0.0119676180183887
0.01363;-0.00299229798838496
0.01364;-0.0229388526640832
0.01365;-0.037898768670857
0.01366;-0.0528586846776307
0.01367;-0.0678186006844044
0.01368;-0.0827785166911781
0.01369;-0.0877651553601027
0.0137;-0.112698348704726
0.01371;-0.127658264711499
0.01372;-0.137631542049348
0.01373;-0.152591458056122
0.01374;-0.167551374062896
0.01375;-0.177524651400745
0.01376;-0.192484567407519
0.01377;-0.202457844745368
0.01378;-0.217417760752141
0.01379;-0.232377676758915
0.0138;-0.242350954096764
0.01381;-0.252324231434613
0.01382;-0.262297508772463
0.01383;-0.267284147441387
0.01384;-0.282244063448161
0.01385;-0.29221734078601
0.01386;-0.29221734078601
0.01387;-0.307177256792784
0.01388;-0.322137172799557
0.01389;-0.327123811468482
0.0139;-0.332110450137407
0.01391;-0.342083727475256
0.01392;-0.34707036614418
0.01393;-0.352057004813105
0.01394;-0.357043643482029
0.01395;-0.362030282150954
0.01396;-0.367016920819879
0.01397;-0.376990198157728
0.01398;-0.376990198157728
0.01399;-0.386963475495577
0.014;-0.381976836826652
0.01401;-0.386963475495577
0.01402;-0.391950114164501
0.01403;-0.386963475495577
0.01404;-0.391950114164501
0.01405;-0.386963475495577
0.01406;-0.391950114164501
0.01407;-0.391950114164501
0.01408;-0.391950114164501
0.01409;-0.386963475495577
0.0141;-0.386963475495577
0.01411;-0.381976836826652
0.01412;-0.381976836826652
0.01413;-0.376990198157728
0.01414;-0.372003559488803
0.01415;-0.362030282150954
0.01416;-0.362030282150954
0.01417;-0.357043643482029
0.01418;-0.34707036614418
0.01419;-0.34707036614418
0.0142;-0.342083727475256
0.01421;-0.327123811468482
0.01422;-0.327123811468482
0.01423;-0.317150534130633
0.01424;-0.307177256792784
0.01425;-0.302190618123859
0.01426;-0.29221734078601
0.01427;-0.277257424779236
0.01428;-0.267284147441387
0.01429;-0.267284147441387
0.0143;-0.247337592765689
0.01431;-0.242350954096764
0.01432;-0.23736431542784
0.01433;-0.217417760752141
0.01434;-0.207444483414292
0.01435;-0.197471206076443
0.01436;-0.187497928738594
0.01437;-0.17253801273182
0.01438;-0.162564735393971
0.01439;-0.152591458056122
0.0144;-0.137631542049348
0.01441;-0.127658264711499
0.01442;-0.112698348704726
0.01443;-0.102725071366876
0.01444;-0.0877651553601027
0.01445;-0.0728052393533289
0.01446;-0.0628319620154798
0.01447;-0.0478720460087061
0.01448;-0.037898768670857
0.01449;-0.0229388526640832
0.0145;-0.00797893665730953
0.01451;0.00199434068053961
0.01452;0.0119676180183887
0.01453;0.0369008113630116
0.01454;0.0418874500319362
0.01455;0.0518607273697853
0.01456;0.066820643376559
0.01457;0.0817805593833327
0.01458;0.0917538367211819
0.01459;0.106713752727956
0.0146;0.11170039139688
0.01461;0.126660307403654
0.01462;0.141620223410428
0.01463;0.151593500748277
0.01464;0.16655341675505
0.01465;0.1765266940929
0.01466;0.186499971430749
0.01467;0.196473248768598
0.01468;0.206446526106447
0.01469;0.216419803444296
0.0147;0.226393080782145
0.01471;0.236366358119994
0.01472;0.241352996788919
0.01473;0.256312912795693
0.01474;0.266286190133542
0.01475;0.276259467471391
0.01476;0.281246106140316
0.01477;0.291219383478165
0.01478;0.296206022147089
0.01479;0.301192660816014
0.0148;0.311165938153863
0.01481;0.316152576822788
0.01482;0.321139215491712
0.01483;0.326125854160637
0.01484;0.331112492829561
0.01485;0.336099131498486
0.01486;0.34108577016741
0.01487;0.346072408836335
0.01488;0.35105904750526
0.01489;0.35105904750526
0.0149;0.356045686174184
0.01491;0.356045686174184
0.01492;0.356045686174184
0.01493;0.361032324843109
0.01494;0.361032324843109
0.01495;0.366018963512033
0.01496;0.361032324843109
0.01497;0.361032324843109
0.01498;0.361032324843109
0.01499;0.361032324843109
0.015;0.361032324843109
0.01501;0.356045686174184
0.01502;0.356045686174184
0.01503;0.35105904750526
0.01504;0.35105904750526
0.01505;0.34108577016741
0.01506;0.34108577016741
0.01507;0.34108577016741
0.01508;0.331112492829561
0.01509;0.331112492829561
0.0151;0.326125854160637
0.01511;0.316152576822788
0.01512;0.311165938153863
0.01513;0.306179299484938
0.01514;0.296206022147089
0.01515;0.291219383478165
0.01516;0.28623274480924
0.01517;0.276259467471391
0.01518;0.271272828802466
0.01519;0.266286190133542
0.0152;0.251326274126768
0.01521;0.246339635457844
0.01522;0.236366358119994
0.01523;0.226393080782145
0.01524;0.221406442113221
0.01525;0.211433164775372
0.01526;0.201459887437522
0.01527;0.191486610099673
0.01528;0.1765266940929
0.01529;0.16655341675505
0.0153;0.161566778086126
0.01531;0.151593500748277
0.01532;0.146606862079352
0.01533;0.131646946072578
0.01534;0.116687030065805
0.01535;0.106713752727956
0.01536;0.0967404753901064
0.01537;0.0867671980522573
0.01538;0.0718072820454836
0.01539;0.066820643376559
0.0154;0.0568473660387099
0.01541;0.0418874500319362
0.01542;0.031914172694087
0.01543;0.0219408953562379
0.01544;0.0119676180183887
0.01545;0.00199434068053961
0.01546;-0.0129655753262341
0.01547;-0.0229388526640832
0.01548;-0.0329121300019324
0.01549;-0.0428854073397815
0.0155;-0.0528586846776307
0.01551;-0.0628319620154798
0.01552;-0.0728052393533289
0.01553;-0.0777918780222535
0.01554;-0.0927517940290272
0.01555;-0.0977384326979518
0.01556;-0.112698348704726
0.01557;-0.122671626042575
0.01558;-0.127658264711499
0.01559;-0.137631542049348
0.0156;-0.147604819387198
0.01561;-0.157578096725047
0.01562;-0.162564735393971
0.01563;-0.17253801273182
0.01564;-0.177524651400745
0.01565;-0.182511290069669
0.01566;-0.192484567407519
0.01567;-0.197471206076443
0.01568;-0.207444483414292
0.01569;-0.207444483414292
0.0157;-0.217417760752141
0.01571;-0.222404399421066
0.01572;-0.232377676758915
0.01573;-0.232377676758915
0.01574;-0.23736431542784
0.01575;-0.242350954096764
0.01576;-0.242350954096764
0.01577;-0.242350954096764
0.01578;-0.252324231434613
0.01579;-0.252324231434613
0.0158;-0.257310870103538
0.01581;-0.257310870103538
0.01582;-0.257310870103538
0.01583;-0.262297508772463
0.01584;-0.262297508772463
0.01585;-0.262297508772463
0.01586;-0.262297508772463
0.01587;-0.267284147441387
0.01588;-0.267284147441387
0.01589;-0.262297508772463
0.0159;-0.262297508772463
0.01591;-0.257310870103538
0.01592;-0.257310870103538
0.01593;-0.257310870103538
0.01594;-0.257310870103538
0.01595;-0.252324231434613
0.01596;-0.247337592765689
0.01597;-0.247337592765689
0.01598;-0.242350954096764
0.01599;-0.23736431542784
0.016;-0.23736431542784
0.01601;-0.23736431542784
0.01602;-0.227391038089991
0.01603;-0.227391038089991
0.01604;-0.217417760752141
0.01605;-0.212431122083217
0.01606;-0.207444483414292
0.01607;-0.202457844745368
0.01608;-0.197471206076443
0.01609;-0.187497928738594
0.0161;-0.182511290069669
0.01611;-0.17253801273182
0.01612;-0.167551374062896
0.01613;-0.162564735393971
0.01614;-0.152591458056122
0.01615;-0.147604819387198
0.01616;-0.137631542049348
0.01617;-0.127658264711499
0.01618;-0.122671626042575
0.01619;-0.112698348704726
0.0162;-0.107711710035801
0.01621;-0.0977384326979518
0.01622;-0.0877651553601027
0.01623;-0.0777918780222535
0.01624;-0.0728052393533289
0.01625;-0.0628319620154798
0.01626;-0.0528586846776307
0.01627;-0.0428854073397815
0.01628;-0.0329121300019324
0.01629;-0.0279254913330078
0.0163;-0.0129655753262341
0.01631;-0.00797893665730953
0.01632;0.00199434068053961
0.01633;0.0119676180183887
0.01634;0.0219408953562379
0.01635;0.0269275340251625
0.01636;0.0369008113630116
0.01637;0.0468740887008607
0.01638;0.0568473660387099
0.01639;0.0618340047076344
0.0164;0.0718072820454836
0.01641;0.0817805593833327
0.01642;0.0867671980522573
0.01643;0.0967404753901064
0.01644;0.106713752727956
0.01645;0.116687030065805
0.01646;0.121673668734729
0.01647;0.131646946072578
0.01648;0.136633584741503
0.01649;0.141620223410428
0.0165;0.151593500748277
0.01651;0.156580139417201
0.01652;0.16655341675505
0.01653;0.171540055423975
0.01654;0.1765266940929
0.01655;0.186499971430749
0.01656;0.186499971430749
0.01657;0.196473248768598
0.01658;0.201459887437522
0.01659;0.211433164775372
0.0166;0.211433164775372
0.01661;0.216419803444296
0.01662;0.221406442113221
0.01663;0.226393080782145
0.01664;0.226393080782145
0.01665;0.23137971945107
0.01666;0.236366358119994
0.01667;0.236366358119994
0.01668;0.241352996788919
0.01669;0.246339635457844
0.0167;0.251326274126768
0.01671;0.251326274126768
0.01672;0.251326274126768
0.01673;0.256312912795693
0.01674;0.256312912795693
0.01675;0.256312912795693
0.01676;0.261299551464617
0.01677;0.251326274126768
0.01678;0.256312912795693
0.01679;0.251326274126768
0.0168;0.251326274126768
0.01681;0.251326274126768
0.01682;0.256312912795693
0.01683;0.251326274126768
0.01684;0.246339635457844
0.01685;0.246339635457844
0.01686;0.246339635457844
0.01687;0.241352996788919
0.01688;0.241352996788919
0.01689;0.236366358119994
0.0169;0.236366358119994
0.01691;0.23137971945107
0.01692;0.226393080782145
0.01693;0.221406442113221
0.01694;0.221406442113221
0.01695;0.216419803444296
0.01696;0.211433164775372
0.01697;0.206446526106447
0.01698;0.201459887437522
0.01699;0.196473248768598
0.017;0.186499971430749
0.01701;0.186499971430749
0.01702;0.1765266940929
0.01703;0.171540055423975
0.01704;0.16655341675505
0.01705;0.156580139417201
0.01706;0.156580139417201
0.01707;0.146606862079352
0.01708;0.136633584741503
0.01709;0.131646946072578
0.0171;0.126660307403654
0.01711;0.121673668734729
0.01712;0.11170039139688
0.01713;0.106713752727956
0.01714;0.0967404753901064
0.01715;0.0917538367211819
0.01716;0.0817805593833327
0.01717;0.0767939207144082
0.01718;0.066820643376559
0.01719;0.0568473660387099
0.0172;0.0518607273697853
0.01721;0.0468740887008607
0.01722;0.0369008113630116
0.01723;0.031914172694087
0.01724;0.0219408953562379
0.01725;0.0169542566873133
0.01726;0.0119676180183887
0.01727;0.00199434068053961
0.01728;-0.0129655753262341
0.01729;-0.0179522139951587
0.0173;-0.0229388526640832
0.01731;-0.0279254913330078
0.01732;-0.0329121300019324
0.01733;-0.0428854073397815
0.01734;-0.0478720460087061
0.01735;-0.0578453233465552
0.01736;-0.0628319620154798
0.01737;-0.0728052393533289
0.01738;-0.0777918780222535
0.01739;-0.0827785166911781
0.0174;-0.0877651553601027
0.01741;-0.0927517940290272
0.01742;-0.102725071366876
0.01743;-0.102725071366876
0.01744;-0.107711710035801
0.01745;-0.11768498737365
0.01746;-0.122671626042575
0.01747;-0.127658264711499
0.01748;-0.127658264711499
0.01749;-0.137631542049348
0.0175;-0.142618180718273
0.01751;-0.147604819387198
0.01752;-0.147604819387198
0.01753;-0.152591458056122
0.01754;-0.152591458056122
0.01755;-0.157578096725047
0.01756;-0.162564735393971
0.01757;-0.167551374062896
0.01758;-0.167551374062896
0.01759;-0.17253801273182
0.0176;-0.17253801273182
0.01761;-0.17253801273182
0.01762;-0.177524651400745
0.01763;-0.17253801273182
0.01764;-0.177524651400745
0.01765;-0.177524651400745
0.01766;-0.177524651400745
0.01767;-0.182511290069669
0.01768;-0.177524651400745
0.01769;-0.177524651400745
0.0177;-0.177524651400745
0.01771;-0.177524651400745
0.01772;-0.177524651400745
0.01773;-0.17253801273182
0.01774;-0.177524651400745
0.01775;-0.17253801273182
0.01776;-0.17253801273182
0.01777;-0.17253801273182
0.01778;-0.167551374062896
0.01779;-0.167551374062896
0.0178;-0.162564735393971
0.01781;-0.157578096725047
0.01782;-0.157578096725047
0.01783;-0.152591458056122
0.01784;-0.152591458056122
0.01785;-0.142618180718273
0.01786;-0.142618180718273
0.01787;-0.137631542049348
0.01788;-0.132644903380424
0.01789;-0.127658264711499
0.0179;-0.127658264711499
0.01791;-0.122671626042575
0.01792;-0.11768498737365
0.01793;-0.112698348704726
0.01794;-0.102725071366876
0.01795;-0.102725071366876
0.01796;-0.0927517940290272
0.01797;-0.0877651553601027
0.01798;-0.0827785166911781
0.01799;-0.0827785166911781
0.018;-0.0728052393533289
0.01801;-0.0678186006844044
0.01802;-0.0628319620154798
0.01803;-0.0528586846776307
0.01804;-0.0528586846776307
0.01805;-0.0428854073397815
0.01806;-0.0329121300019324
0.01807;-0.0329121300019324
0.01808;-0.0229388526640832
0.01809;-0.0179522139951587
0.0181;-0.0129655753262341
0.01811;-0.00797893665730953
0.01812;0.00698097934946418
0.01813;0.00199434068053961
0.01814;0.0119676180183887
0.01815;0.0269275340251625
0.01816;0.0269275340251625
0.01817;0.031914172694087
0.01818;0.0369008113630116
0.01819;0.0468740887008607
0.0182;0.0518607273697853
0.01821;0.0518607273697853
0.01822;0.0618340047076344
0.01823;0.066820643376559
0.01824;0.0767939207144082
0.01825;0.0767939207144082
0.01826;0.0817805593833327
0.01827;0.0917538367211819
0.01828;0.0967404753901064
0.01829;0.101727114059031
0.0183;0.106713752727956
0.01831;0.11170039139688
0.01832;0.116687030065805
0.01833;0.121673668734729
0.01834;0.126660307403654
0.01835;0.131646946072578
0.01836;0.131646946072578
0.01837;0.136633584741503
0.01838;0.141620223410428
0.01839;0.146606862079352
0.0184;0.151593500748277
0.01841;0.151593500748277
0.01842;0.156580139417201
0.01843;0.161566778086126
0.01844;0.16655341675505
0.01845;0.16655341675505
0.01846;0.16655341675505
0.01847;0.171540055423975
0.01848;0.171540055423975
0.01849;0.1765266940929
0.0185;0.1765266940929
0.01851;0.1765266940929
0.01852;0.1765266940929
0.01853;0.181513332761824
0.01854;0.181513332761824
0.01855;0.186499971430749
0.01856;0.181513332761824
0.01857;0.186499971430749
0.01858;0.186499971430749
0.01859;0.186499971430749
0.0186;0.186499971430749
0.01861;0.186499971430749
0.01862;0.186499971430749
0.01863;0.181513332761824
0.01864;0.181513332761824
0.01865;0.181513332761824
0.01866;0.1765266940929
0.01867;0.1765266940929
0.01868;0.1765266940929
0.01869;0.171540055423975
0.0187;0.171540055423975
0.01871;0.171540055423975
0.01872;0.171540055423975
0.01873;0.16655341675505
0.01874;0.161566778086126
0.01875;0.156580139417201
0.01876;0.156580139417201
0.01877;0.156580139417201
0.01878;0.146606862079352
0.01879;0.146606862079352
0.0188;0.141620223410428
0.01881;0.136633584741503
0.01882;0.136633584741503
0.01883;0.131646946072578
0.01884;0.126660307403654
0.01885;0.121673668734729
0.01886;0.121673668734729
0.01887;0.116687030065805
0.01888;0.106713752727956
0.01889;0.106713752727956
0.0189;0.0967404753901064
0.01891;0.0917538367211819
0.01892;0.0917538367211819
0.01893;0.0817805593833327
0.01894;0.0817805593833327
0.01895;0.0718072820454836
0.01896;0.066820643376559
0.01897;0.066820643376559
0.01898;0.0568473660387099
0.01899;0.0518607273697853
0.019;0.0468740887008607
0.01901;0.0418874500319362
0.01902;0.0369008113630116
0.01903;0.0369008113630116
0.01904;0.0269275340251625
0.01905;0.0219408953562379
0.01906;0.0169542566873133
0.01907;0.0119676180183887
0.01908;0.00698097934946418
0.01909;0.00199434068053961
0.0191;-0.00299229798838496
0.01911;-0.00797893665730953
0.01912;-0.0129655753262341
0.01913;-0.0179522139951587
0.01914;-0.0229388526640832
0.01915;-0.0279254913330078
0.01916;-0.0329121300019324
0.01917;-0.037898768670857
0.01918;-0.0428854073397815
0.01919;-0.0428854073397815
0.0192;-0.0478720460087061
0.01921;-0.0528586846776307
0.01922;-0.0628319620154798
0.01923;-0.0678186006844044
0.01924;-0.0628319620154798
0.01925;-0.0728052393533289
0.01926;-0.0777918780222535
0.01927;-0.0777918780222535
0.01928;-0.0827785166911781
0.01929;-0.0877651553601027
0.0193;-0.0927517940290272
0.01931;-0.0927517940290272
0.01932;-0.0927517940290272
0.01933;-0.0927517940290272
0.01934;-0.0977384326979518
0.01935;-0.102725071366876
0.01936;-0.107711710035801
0.01937;-0.107711710035801
0.01938;-0.112698348704726
0.01939;-0.112698348704726
0.0194;-0.107711710035801
0.01941;-0.112698348704726
0.01942;-0.11768498737365
0.01943;-0.11768498737365
0.01944;-0.11768498737365
0.01945;-0.11768498737365
0.01946;-0.122671626042575
0.01947;-0.11768498737365
0.01948;-0.107711710035801
0.01949;-0.122671626042575
0.0195;-0.11768498737365
0.01951;-0.122671626042575
0.01952;-0.11768498737365
0.01953;-0.11768498737365
0.01954;-0.11768498737365
0.01955;-0.11768498737365
0.01956;-0.11768498737365
0.01957;-0.11768498737365
0.01958;-0.112698348704726
0.01959;-0.112698348704726
0.0196;-0.112698348704726
0.01961;-0.107711710035801
0.01962;-0.107711710035801
0.01963;-0.107711710035801
0.01964;-0.102725071366876
0.01965;-0.102725071366876
0.01966;-0.0977384326979518
0.01967;-0.0927517940290272
0.01968;-0.0927517940290272
0.01969;-0.0877651553601027
0.0197;-0.0927517940290272
0.01971;-0.0877651553601027
0.01972;-0.0827785166911781
0.01973;-0.0777918780222535
0.01974;-0.0728052393533289
0.01975;-0.0678186006844044
0.01976;-0.0678186006844044
0.01977;-0.0628319620154798
0.01978;-0.0578453233465552
0.01979;-0.0578453233465552
0.0198;-0.0528586846776307
0.01981;-0.0528586846776307
0.01982;-0.0478720460087061
0.01983;-0.0428854073397815
0.01984;-0.0428854073397815
0.01985;-0.0329121300019324
0.01986;-0.0329121300019324
0.01987;-0.0279254913330078
0.01988;-0.0229388526640832
0.01989;-0.0179522139951587
0.0199;-0.0129655753262341
0.01991;-0.00797893665730953
0.01992;-0.00299229798838496
0.01993;0.00199434068053961
0.01994;0.00698097934946418
0.01995;0.0119676180183887
0.01996;0.0119676180183887
0.01997;0.0169542566873133
0.01998;0.0219408953562379
0.01999;0.031914172694087
